1 0.8046875 0.73984375 0.07578125 0.4328125
1 0.4515625 0.73515625 0.0640625 0.44140625
1 0.74140625 0.61015625 0.05703125 0.35859375
1 0.7015625 0.54140625 0.04765625 0.325
1 0.6734375 0.4625 0.05234375 0.2625
1 0.64375 0.41015625 0.0328125 0.2296875
1 0.63125 0.38046875 0.03203125 0.20859375
1 0.6140625 0.3515625 0.03203125 0.203125
1 0.5984375 0.31953125 0.028125 0.1828125
1 0.58515625 0.30546875 0.0171875 0.171875
1 0.57578125 0.2859375 0.01484375 0.18125
1 0.56640625 0.27109375 0.01640625 0.14296875
1 0.55546875 0.25078125 0.0140625 0.11796875
1 0.546875 0.23125 0.01328125 0.0890625
1 0.53984375 0.2125 0.0203125 0.0890625
1 0.5328125 0.1859375 0.02109375 0.06640625
1 0.51953125 0.16796875 0.01640625 0.06328125