1 0.1953125 0.73984375 0.07578125 0.4328125
1 0.5484375 0.73515625 0.0640625 0.44140625
1 0.25859375 0.61015625 0.05703125 0.35859375
1 0.2984375 0.54140625 0.04765625 0.325
1 0.3265625 0.4625 0.05234375 0.2625
1 0.35625 0.41015625 0.0328125 0.2296875
1 0.36875 0.38046875 0.03203125 0.20859375
1 0.3859375 0.3515625 0.03203125 0.203125
1 0.4015625 0.31953125 0.028125 0.1828125
1 0.41484375 0.30546875 0.0171875 0.171875
1 0.42421875 0.2859375 0.01484375 0.18125
1 0.43359375 0.27109375 0.01640625 0.14296875
1 0.44453125 0.25078125 0.0140625 0.11796875
1 0.453125 0.23125 0.01328125 0.0890625
1 0.46015625 0.2125 0.0203125 0.0890625
1 0.4671875 0.1859375 0.02109375 0.06640625
1 0.48046875 0.16796875 0.01640625 0.06328125