1 0.78359375 0.4796875 0.0984375 0.1421875
1 0.590625 0.42265625 0.0703125 0.134375
1 0.48046875 0.3953125 0.06015625 0.06875
1 0.3890625 0.3484375 0.0515625 0.1109375
1 0.328125 0.33671875 0.0453125 0.0828125
1 0.28125 0.31171875 0.03359375 0.09453125
1 0.2453125 0.309375 0.03125 0.05390625
1 0.1484375 0.28515625 0.0828125 0.0609375
1 0.03125 0.3078125 0.06171875 0.0921875
1 0.09375 0.89921875 0.096875 0.14921875
1 0.41328125 0.75 0.0625 0.07265625
1 0.73203125 0.89453125 0.0890625 0.10703125
1 0.8875 0.8609375 0.0640625 0.071875