1 0.7125 0.69375 0.12890625 0.56875
1 0.54375 0.57109375 0.08828125 0.41171875
1 0.453125 0.4765625 0.0625 0.3109375
1 0.39375 0.41640625 0.05 0.26015625
1 0.1328125 0.271875 0.03671875 0.1203125
1 0.07890625 0.25390625 0.025 0.12265625
1 0.009375 0.2234375 0.01875 0.109375
1 0.240625 0.30234375 0.03125 0.14375
1 0.3606239375 0.487890625 0.380851403125 0.28625544999999997 0.36117134375000004 0.2622728921875 0.3281303140625 0.46298146874999996 0.3606239375 0.487890625
1 0.3196694296875 0.26091933125 0.30645195625 0.427425509375 0.32636585937499996 0.4493913515625 0.3496598640625 0.2697674421875 0.3196694296875 0.26091933125
1 0.300680271875 0.4075944765625 0.3180272109375 0.26661518906250004 0.3022321421875 0.2366097390625 0.297959184375 0.24418604687499998 0.28250956562499996 0.403079578125 0.300680271875 0.4075944765625