1 0.2875 0.69375 0.12890625 0.56875
1 0.45625 0.57109375 0.08828125 0.41171875
1 0.546875 0.4765625 0.0625 0.3109375
1 0.60625 0.41640625 0.05 0.26015625
1 0.8671875 0.271875 0.03671875 0.1203125
1 0.92109375 0.25390625 0.025 0.12265625
1 0.990625 0.2234375 0.01875 0.109375
1 0.759375 0.30234375 0.03125 0.14375
1 0.619148596875 0.28625544999999997 0.6393760625 0.487890625 0.6718696859375 0.46298146874999996 0.6388286562500001 0.2622728921875 0.619148596875 0.28625544999999997
1 0.69354804375 0.427425509375 0.6803305703125 0.26091933125 0.6503401359375001 0.2697674421875 0.673634140625 0.4493913515625 0.69354804375 0.427425509375
1 0.6977678578125001 0.2366097390625 0.6819727890625 0.26661518906250004 0.699319728125 0.4075944765625 0.7174904343749999 0.403079578125 0.702040815625 0.24418604687499998 0.6977678578125001 0.2366097390625