1 0.1515625 0.5359375 0.08515625 0.09296875
1 0.425 0.55703125 0.0890625 0.08828125
1 0.27578125 0.36640625 0.05625 0.0578125
1 0.43046875 0.38359375 0.04609375 0.04140625
1 0.41171875 0.33671875 0.0296875 0.040625
1 0.51484375 0.34921875 0.040625 0.0375
1 0.60078125 0.3671875 0.03671875 0.0359375
1 0.69296875 0.37578125 0.04140625 0.04375
1 0.7796875 0.3859375 0.025 0.03671875
1 0.79921875 0.4640625 0.03359375 0.05078125
1 0.71015625 0.446875 0.0515625 0.05078125
1 0.721875 0.56328125 0.06484375 0.09140625
1 0.7640625 0.7546875 0.1015625 0.1265625
1 0.27890625 0.709375 0.109375 0.14453125
1 0.55625 0.41015625 0.04140625 0.05234375