1 0.8484375 0.5359375 0.08515625 0.09296875
1 0.575 0.55703125 0.0890625 0.08828125
1 0.72421875 0.36640625 0.05625 0.0578125
1 0.56953125 0.38359375 0.04609375 0.04140625
1 0.58828125 0.33671875 0.0296875 0.040625
1 0.48515625 0.34921875 0.040625 0.0375
1 0.39921875 0.3671875 0.03671875 0.0359375
1 0.30703125 0.37578125 0.04140625 0.04375
1 0.2203125 0.3859375 0.025 0.03671875
1 0.20078125 0.4640625 0.03359375 0.05078125
1 0.28984375 0.446875 0.0515625 0.05078125
1 0.278125 0.56328125 0.06484375 0.09140625
1 0.2359375 0.7546875 0.1015625 0.1265625
1 0.72109375 0.709375 0.109375 0.14453125
1 0.44375 0.41015625 0.04140625 0.05234375