1 0.5640625 0.8578125 0.08125 0.284375
1 0.7125 0.61328125 0.065625 0.21171875
1 0.79453125 0.4703125 0.04375 0.15078125
1 0.86171875 0.3875 0.03359375 0.11640625
1 0.92421875 0.3328125 0.0296875 0.10078125
1 0.98828125 0.28984375 0.0234375 0.09140625
1 0.3236101375 0.5821560734375 0.39685443125000003 0.6722953625 0.40899297343749996 0.73215570625 0.41260924687499995 0.972882034375 0.4120444671875 0.9922480765625 0.4527254390625 0.9966995125 0.44566148281249995 0.9469719218750001 0.44163216250000004 0.7427932625 0.4244653984375 0.621962009375 0.3232940296875 0.5020393999999999 0.3020136484375 0.532254096875 0.30164274999999996 0.6504512015625 0.3074169859375 0.7810297234375 0.299956840625 0.7777255640625 0.3251906765625 0.8030390921875 0.3389645484375 0.7662619687500001 0.33017675 0.7380297671875 0.3236101375 0.5821560734375
1 0.2911901171875 0.7545046703125 0.296024459375 0.7545046703125 0.2988525703125 0.6063315031250001 0.293752696875 0.4997081328125 0.2830682515625 0.46092097968749995 0.23307685 0.406117834375 0.22485383125 0.429045025 0.224917053125 0.6102597796875 0.23981627031250002 0.6365462 0.244958290625 0.6113978796875 0.2395338796875 0.47227443593749996 0.27043236875 0.5183490953125001 0.27861745312499997 0.5580816046875 0.27932975 0.7136065265625 0.2911901171875 0.7545046703125
1 0.1716044109375 0.5112818671875 0.18405063125 0.53220820625 0.19412815 0.514145471875 0.1920039046875 0.4905299140625 0.18634768125 0.4078066265625 0.20634255625 0.4435282546875 0.2078851625 0.532483553125 0.2042815328125 0.565754596875 0.20922545937499998 0.5946292734374999 0.224036165625 0.584432271875 0.220858228125 0.44367510625 0.219273475 0.39488369375 0.1737160125 0.3383458640625 0.1661926453125 0.35639024375 0.1675371578125 0.4498979375 0.1716044109375 0.5112818671875
1 0.096875 0.30234375 0.02109375 0.10625
1 0.1234375 0.3484375 0.03359375 0.1359375
1 0.15546875 0.390625 0.02890625 0.175