1 0.75859375 0.8703125 0.0453125 0.259375
1 0.9515625 0.86640625 0.04140625 0.26640625
1 0.3703125 0.86875 0.04296875 0.26171875
1 0.5640625 0.865625 0.04453125 0.26875
1 0.2 0.87265625 0.03203125 0.2546875
1 0.21953125 0.85625 0.03046875 0.27421875
1 0.00625 0.65625 0.01171875 0.09296875
1 0.0234375 0.65625 0.0125 0.07890625
1 0.059375 0.659375 0.01171875 0.08984375
1 0.11015625 0.671875 0.0140625 0.11953125
1 0.078125 0.6640625 0.0140625 0.08984375
1 0.09296875 0.66796875 0.01171875 0.09296875
1 0.125 0.68046875 0.009375 0.11328125
1 0.13671875 0.68046875 0.0171875 0.10859375
1 0.15078125 0.6828125 0.01796875 0.1078125
1 0.16640625 0.6890625 0.0140625 0.115625
1 0.17890625 0.69453125 0.0125 0.11796875
1 0.1890625 0.7015625 0.01640625 0.11796875
1 0.20234375 0.7078125 0.0140625 0.13515625
1 0.21328125 0.7265625 0.01796875 0.15390625
1 0.225 0.79609375 0.02421875 0.25859375
1 0.0421875 0.6640625 0.01640625 0.1