1 0.24140625 0.8703125 0.0453125 0.259375
1 0.0484375 0.86640625 0.04140625 0.26640625
1 0.6296875 0.86875 0.04296875 0.26171875
1 0.4359375 0.865625 0.04453125 0.26875
1 0.8 0.87265625 0.03203125 0.2546875
1 0.78046875 0.85625 0.03046875 0.27421875
1 0.99375 0.65625 0.01171875 0.09296875
1 0.9765625 0.65625 0.0125 0.07890625
1 0.940625 0.659375 0.01171875 0.08984375
1 0.88984375 0.671875 0.0140625 0.11953125
1 0.921875 0.6640625 0.0140625 0.08984375
1 0.90703125 0.66796875 0.01171875 0.09296875
1 0.875 0.68046875 0.009375 0.11328125
1 0.86328125 0.68046875 0.0171875 0.10859375
1 0.84921875 0.6828125 0.01796875 0.1078125
1 0.83359375 0.6890625 0.0140625 0.115625
1 0.82109375 0.69453125 0.0125 0.11796875
1 0.8109375 0.7015625 0.01640625 0.11796875
1 0.79765625 0.7078125 0.0140625 0.13515625
1 0.78671875 0.7265625 0.01796875 0.15390625
1 0.775 0.79609375 0.02421875 0.25859375
1 0.9578125 0.6640625 0.01640625 0.1