1 0.9640625 0.74765625 0.05703125 0.196875
1 0.87421875 0.7625 0.04765625 0.20078125
1 0.778125 0.77421875 0.07109375 0.21015625
1 0.6703125 0.78828125 0.0609375 0.23828125
1 0.62265625 0.740625 0.06171875 0.20546875
1 0.5328125 0.75859375 0.059375 0.203125
1 0.43515625 0.76953125 0.03046875 0.2109375
1 0.390625 0.82265625 0.07421875 0.253125
1 0.3515625 0.78203125 0.08046875 0.22578125
1 0.2171875 0.83984375 0.07890625 0.2875
1 0.1578125 0.8046875 0.08828125 0.2765625
1 0.0375 0.84609375 0.075 0.3078125
1 0.9515625 0.5515625 0.03125 0.06484375
1 0.86875 0.54921875 0.04453125 0.0609375
1 0.77109375 0.5515625 0.03515625 0.05625
1 0.678125 0.5484375 0.02421875 0.059375
1 0.59296875 0.546875 0.01953125 0.06171875
1 0.503125 0.55234375 0.02421875 0.071875