1 0.90703125 0.7546875 0.128125 0.3015625
1 0.75234375 0.77265625 0.109375 0.3046875
1 0.6890625 0.7203125 0.0828125 0.25703125
1 0.5640625 0.7234375 0.09296875 0.278125
1 0.3625 0.796875 0.0953125 0.32734375
1 0.13984375 0.80625 0.11015625 0.35078125
1 0.065625 0.77421875 0.1203125 0.33671875
1 0.46484375 0.7328125 0.07890625 0.26796875
1 0.3265625 0.74453125 0.1078125 0.3015625
1 0.90625 0.4515625 0.0203125 0.07890625
1 0.78671875 0.44375 0.040625 0.0828125
1 0.659375 0.43828125 0.0328125 0.08203125
1 0.54609375 0.44765625 0.04140625 0.09140625