1 0.09296875 0.7546875 0.128125 0.3015625
1 0.24765625 0.77265625 0.109375 0.3046875
1 0.3109375 0.7203125 0.0828125 0.25703125
1 0.4359375 0.7234375 0.09296875 0.278125
1 0.6375 0.796875 0.0953125 0.32734375
1 0.86015625 0.80625 0.11015625 0.35078125
1 0.934375 0.77421875 0.1203125 0.33671875
1 0.53515625 0.7328125 0.07890625 0.26796875
1 0.6734375 0.74453125 0.1078125 0.3015625
1 0.09375 0.4515625 0.0203125 0.07890625
1 0.21328125 0.44375 0.040625 0.0828125
1 0.340625 0.43828125 0.0328125 0.08203125
1 0.45390625 0.44765625 0.04140625 0.09140625