1 0.8859375 0.73671875 0.178125 0.28125
1 0.66484375 0.67890625 0.121875 0.20859375
1 0.52578125 0.65234375 0.084375 0.1875
1 0.41953125 0.61328125 0.06796875 0.1578125
1 0.34140625 0.58828125 0.05625 0.13515625
1 0.2796875 0.5734375 0.04765625 0.13046875
1 0.228125 0.559375 0.03515625 0.125
1 0.18828125 0.54765625 0.03984375 0.1234375
1 0.153125 0.51953125 0.0328125 0.1078125
1 0.1265625 0.50546875 0.02265625 0.11875
1 0.103125 0.509375 0.02734375 0.07421875
1 0.07734375 0.50078125 0.02578125 0.07265625
1 0.0546875 0.49375 0.03515625 0.06796875