1 0.915625 0.52890625 0.0859375 0.9390625
1 0.72578125 0.3953125 0.0640625 0.790625
1 0.82265625 0.24921875 0.05859375 0.4671875
1 0.65703125 0.24921875 0.05234375 0.29921875
1 0.9015625 0.28203125 0.04609375 0.53125
1 0.56953125 0.2125 0.03671875 0.234375
1 0.49453125 0.25390625 0.03828125 0.49375
1 0.44140625 0.228125 0.04609375 0.45078125
1 0.26796875 0.24921875 0.03515625 0.2984375
1 0.21875 0.246875 0.03828125 0.25859375
1 0.0875 0.52734375 0.1046875 0.9453125
1 0.09296875 0.2390625 0.05625 0.47734375