1 0.084375 0.52890625 0.0859375 0.9390625
1 0.27421875 0.3953125 0.0640625 0.790625
1 0.17734375 0.24921875 0.05859375 0.4671875
1 0.34296875 0.24921875 0.05234375 0.29921875
1 0.0984375 0.28203125 0.04609375 0.53125
1 0.43046875 0.2125 0.03671875 0.234375
1 0.50546875 0.25390625 0.03828125 0.49375
1 0.55859375 0.228125 0.04609375 0.45078125
1 0.73203125 0.24921875 0.03515625 0.2984375
1 0.78125 0.246875 0.03828125 0.25859375
1 0.9125 0.52734375 0.1046875 0.9453125
1 0.90703125 0.2390625 0.05625 0.47734375