2 0.228125 0.77734375 0.08984375 0.21171875
2 0.08984375 0.6671875 0.0640625 0.16953125
2 0.11171875 0.6 0.05078125 0.134375
2 0.1515625 0.54296875 0.04296875 0.1109375
2 0.17421875 0.5203125 0.0375 0.10078125
2 0.19296875 0.4875 0.0296875 0.084375
2 0.20859375 0.4625 0.02890625 0.07890625
2 0.22265625 0.44453125 0.02890625 0.06953125
2 0.2328125 0.42578125 0.02890625 0.07109375
2 0.2484375 0.4078125 0.021875 0.0703125
2 0.37734375 0.4328125 0.040625 0.13359375
2 0.57421875 0.4484375 0.059375 0.1640625