2 0.7703125 0.7921875 0.1984375 0.384375
2 0.61796875 0.81171875 0.146875 0.2921875
2 0.52265625 0.8109375 0.11640625 0.24453125
2 0.45 0.81796875 0.08515625 0.203125
2 0.3984375 0.82421875 0.06171875 0.17421875
2 0.36015625 0.8296875 0.05390625 0.15625
2 0.33203125 0.83046875 0.04375 0.13984375
2 0.309375 0.83125 0.03828125 0.128125
2 0.29140625 0.83046875 0.03203125 0.11640625
2 0.27421875 0.83359375 0.0296875 0.10625
2 0.24921875 0.834375 0.025 0.09296875
2 0.2546875 0.83515625 0.01484375 0.0953125