2 0.2296875 0.7921875 0.1984375 0.384375
2 0.38203125 0.81171875 0.146875 0.2921875
2 0.47734375 0.8109375 0.11640625 0.24453125
2 0.55 0.81796875 0.08515625 0.203125
2 0.6015625 0.82421875 0.06171875 0.17421875
2 0.63984375 0.8296875 0.05390625 0.15625
2 0.66796875 0.83046875 0.04375 0.13984375
2 0.690625 0.83125 0.03828125 0.128125
2 0.70859375 0.83046875 0.03203125 0.11640625
2 0.72578125 0.83359375 0.0296875 0.10625
2 0.75078125 0.834375 0.025 0.09296875
2 0.7453125 0.83515625 0.01484375 0.0953125