0 0.84921875 0.88203125 0.3 0.221875
0 0.1921875 0.82890625 0.19375 0.1296875
0 0.27421875 0.6703125 0.1375 0.0671875
0 0.05078125 0.64765625 0.1 0.1640625
0 0.2296875 0.33125 0.2109375 0.11875
0 0.525 0.5484375 0.2 0.0765625
0 0.8609375 0.521875 0.278125 0.1046875
0 0.91875 0.403125 0.146875 0.084375
0 0.64140625 0.35234375 0.1625 0.059375
0 0.2328125 0.31953125 0.2171875 0.103125
0 0.42734375 0.23359375 0.1265625 0.0828125
0 0.45390625 0.18046875 0.1046875 0.0671875
0 0.81953125 0.2390625 0.11875 0.0453125