0 0.15078125 0.88203125 0.3 0.221875
0 0.8078125 0.82890625 0.19375 0.1296875
0 0.72578125 0.6703125 0.1375 0.0671875
0 0.94921875 0.64765625 0.1 0.1640625
0 0.7703125 0.33125 0.2109375 0.11875
0 0.475 0.5484375 0.2 0.0765625
0 0.1390625 0.521875 0.278125 0.1046875
0 0.08125 0.403125 0.146875 0.084375
0 0.35859375 0.35234375 0.1625 0.059375
0 0.7671875 0.31953125 0.2171875 0.103125
0 0.57265625 0.23359375 0.1265625 0.0828125
0 0.54609375 0.18046875 0.1046875 0.0671875
0 0.18046875 0.2390625 0.11875 0.0453125